[3612, 3713, 3625, 3664, 3720, 3634, 3488, 3764, 3692, 3563, 3680, 3656, 3777, 4026, 3710]
[12068, 11928, 11928, 11760, 12068, 11900, 11928, 12068, 11900, 10248, 11928, 11928, 12068, 13608, 12068]
[4380, 4442, 4485, 4712, 4500, 4282, 3964, 4736, 4406, 4244, 4340, 3974, 4322, 4198, 3934]
[6054, 7006, 6609, 6782, 7258, 6166, 6334, 7505, 6609, 6301, 6137, 6306, 6171, 6138, 6110]
[4246, 4067, 4032, 4158, 3835, 3726, 3898, 3762, 3749, 3887, 4353, 3696, 3853, 3872, 3719]
[6138, 6194, 5828, 6222, 5718, 5718, 6054, 5494, 6054, 5718, 6469, 5713, 5723, 5830, 6054]
mean [30.88814095 66.72008028 66.19996138]
upper [32.33868054 71.20767258 69.17791505]
lower [29.48251236 62.40818554 61.7773373 ]
QStandardPaths: XDG_RUNTIME_DIR not set, defaulting to '/tmp/runtime-tkurihana'
[2062, 2076, 1915, 1861, 1843, 1862, 1922, 1992, 2132, 1894, 1992, 1861, 2048, 1809, 1952, 2020, 1911, 2005, 2057, 1967]
[7280, 7280, 7252, 5712, 5600, 7252, 5740, 7280, 7392, 7280, 7280, 5712, 7280, 5460, 7420, 7280, 5768, 7252, 7420, 7420]
[1915, 1886, 2058, 1866, 1880, 2018, 1894, 2072, 1955, 1805, 1936, 1913, 1936, 2042, 2132, 1995, 2057, 1989, 1952, 2072]
[3194, 3502, 3643, 3138, 3502, 3642, 3194, 3558, 3419, 3502, 3502, 3501, 3558, 3529, 3586, 3223, 3614, 3502, 3614, 3530]
[2046, 2133, 2326, 2633, 2050, 2295, 2636, 2058, 2056, 2045, 2369, 2055, 2119, 2052, 2363, 2598, 2600, 2142, 2470, 2297]
[3445, 3557, 3922, 3782, 3418, 3922, 4118, 3417, 3446, 3418, 3894, 3418, 3753, 3418, 3894, 3783, 4118, 3754, 4062, 3698]
mean [29.01956892 56.75458423 61.02214158]
upper [33.14949075 60.05330202 68.72283398]
lower [25.99944312 53.5765277  57.02925495]
##  NORMAL END ##
